
                  mean       std    median      5.0%     95.0%     n_eff     r_hat
          D0      0.19      0.19      0.13      0.00      0.45   1285.31      1.00
          E0     16.80     22.79      9.88      0.02     40.37    957.48      1.00
          H0      2.31      2.35      1.54      0.00      5.15    748.76      1.00
          I0      2.11      2.26      1.47      0.00      4.65   1153.41      1.00
     beta[0]      1.22      1.29      0.81      0.00      2.80    509.24      1.00
     beta[1]      1.24      1.37      0.81      0.00      2.93    513.19      1.00
       beta0      1.23      1.28      0.83      0.01      2.80    501.22      1.00
  death_prob      0.10      0.03      0.09      0.05      0.15   1071.60      1.00
  death_rate      0.09      0.03      0.09      0.05      0.13   1070.25      1.00
    det_prob      0.27      0.06      0.27      0.18      0.39    797.84      1.00
  det_prob_d      0.90      0.03      0.90      0.85      0.94    954.78      1.00
       gamma      0.50      0.18      0.47      0.20      0.76    908.63      1.00
       sigma      0.20      0.11      0.18      0.06      0.36    865.14      1.00

Number of divergences: 0
