
                  mean       std    median      5.0%     95.0%     n_eff     r_hat
          D0      0.27      0.27      0.18      0.00      0.62   1533.56      1.00
          E0     86.65    144.28     44.18      0.21    199.09   1079.18      1.00
          H0      7.11      7.88      4.47      0.00     17.08    928.18      1.00
          I0      5.50      5.16      4.02      0.03     12.31    927.74      1.00
     beta[0]      1.40      1.41      0.91      0.00      3.33   1063.49      1.00
       beta0      1.38      1.35      0.92      0.00      3.31   1038.18      1.00
  death_prob      0.10      0.03      0.10      0.05      0.15    605.82      1.00
  death_rate      0.09      0.03      0.09      0.04      0.13    879.45      1.00
    det_prob      0.27      0.06      0.27      0.16      0.36   1407.27      1.00
  det_prob_d      0.90      0.03      0.90      0.85      0.95   1587.52      1.00
       gamma      0.51      0.17      0.48      0.24      0.77   1212.95      1.00
       sigma      0.20      0.10      0.18      0.05      0.34   1009.55      1.00

Number of divergences: 0
