
                  mean       std    median      5.0%     95.0%     n_eff     r_hat
          D0      0.56      0.48      0.45      0.00      1.22   1089.16      1.00
          E0    821.90   1477.62    476.07      0.12   1868.01    927.74      1.00
          H0     11.27     11.56      7.86      0.01     26.40    859.11      1.00
          I0    196.39     66.59    182.27    107.80    297.18    670.86      1.00
     beta[0]      1.32      1.29      0.92      0.00      3.12    860.53      1.00
       beta0      1.32      1.28      0.94      0.00      3.10    879.49      1.00
  death_prob      0.10      0.03      0.09      0.05      0.14    825.97      1.00
  death_rate      0.08      0.03      0.08      0.04      0.13    901.03      1.00
    det_prob      0.28      0.06      0.28      0.17      0.38    801.12      1.00
  det_prob_d      0.90      0.03      0.90      0.85      0.95   1890.73      1.00
       gamma      0.49      0.17      0.47      0.21      0.74   1512.37      1.00
       sigma      0.19      0.10      0.18      0.04      0.34   1024.98      1.00

Number of divergences: 0
