
                  mean       std    median      5.0%     95.0%     n_eff     r_hat
          D0      0.19      0.20      0.13      0.00      0.43   1187.68      1.00
          E0     99.15     96.53     72.98      1.02    211.10    525.99      1.00
          H0      2.38      2.38      1.71      0.00      4.82    914.04      1.00
          I0     11.16      7.95      9.38      0.27     21.61    889.04      1.00
     beta[0]      1.11      1.12      0.77      0.00      2.50    544.66      1.00
     beta[1]      1.12      1.19      0.77      0.00      2.61    558.63      1.00
       beta0      1.11      1.10      0.77      0.01      2.54    522.97      1.00
  death_prob      0.10      0.03      0.10      0.05      0.15    948.22      1.00
  death_rate      0.09      0.03      0.09      0.05      0.13   1000.71      1.00
    det_prob      0.27      0.06      0.27      0.18      0.38    773.44      1.00
  det_prob_d      0.90      0.03      0.90      0.85      0.94    958.28      1.00
       gamma      0.49      0.18      0.47      0.20      0.77    972.05      1.00
       sigma      0.20      0.10      0.18      0.05      0.35    847.62      1.00

Number of divergences: 0
