
                  mean       std    median      5.0%     95.0%     n_eff     r_hat
          D0      0.26      0.25      0.19      0.00      0.57   1710.85      1.00
          E0     74.17    266.44     27.25      0.03    145.08    703.14      1.00
          H0      6.76      7.17      4.31      0.00     16.50   1117.52      1.00
          I0      3.58      4.05      2.29      0.00      8.28   1180.25      1.00
     beta[0]      1.40      1.43      0.93      0.00      3.23   1055.06      1.00
       beta0      1.38      1.37      0.93      0.00      3.16   1073.48      1.00
  death_prob      0.10      0.03      0.10      0.05      0.15    936.60      1.00
  death_rate      0.09      0.03      0.08      0.04      0.13   1052.22      1.00
    det_prob      0.27      0.06      0.27      0.16      0.35   1535.46      1.00
  det_prob_d      0.90      0.03      0.90      0.85      0.95   1674.67      1.00
       gamma      0.51      0.17      0.49      0.19      0.73   1336.95      1.00
       sigma      0.20      0.10      0.18      0.06      0.36    986.32      1.00

Number of divergences: 0
