
                  mean       std    median      5.0%     95.0%     n_eff     r_hat
          D0      0.23      0.21      0.16      0.00      0.52   1109.52      1.00
          E0     56.23     61.89     40.40      0.84    111.49    416.34      1.00
          H0      3.09      2.76      2.39      0.02      6.57    937.11      1.00
          I0     10.18      6.36      8.80      0.37     18.70    705.00      1.00
     beta[0]      1.13      1.08      0.81      0.00      2.63    354.49      1.00
     beta[1]      1.12      1.09      0.82      0.00      2.59    374.30      1.00
     beta[2]      1.14      1.14      0.80      0.01      2.58    386.65      1.00
       beta0      1.14      1.09      0.83      0.00      2.50    342.94      1.00
  death_prob      0.10      0.03      0.10      0.05      0.14    897.00      1.00
  death_rate      0.09      0.03      0.09      0.05      0.14    965.62      1.00
    det_prob      0.28      0.06      0.27      0.17      0.37    802.23      1.00
  det_prob_d      0.90      0.03      0.90      0.85      0.94    837.79      1.00
       gamma      0.50      0.18      0.49      0.20      0.76   1451.34      1.00
       sigma      0.20      0.10      0.18      0.05      0.35    672.29      1.00

Number of divergences: 0
