
                  mean       std    median      5.0%     95.0%     n_eff     r_hat
          D0      0.19      0.18      0.14      0.00      0.44   1161.36      1.00
          E0     46.95     45.52     34.52      0.31     99.35    908.74      1.00
          H0      2.32      2.43      1.62      0.00      5.31   1343.76      1.00
          I0      7.23      5.13      6.31      0.13     13.88    746.79      1.00
     beta[0]      1.20      1.26      0.79      0.02      2.80    507.87      1.00
     beta[1]      1.23      1.37      0.76      0.01      2.93    493.49      1.00
       beta0      1.19      1.23      0.79      0.01      2.75    478.40      1.00
  death_prob      0.10      0.03      0.10      0.05      0.15   1506.99      1.00
  death_rate      0.09      0.03      0.09      0.05      0.13   1007.35      1.00
    det_prob      0.27      0.06      0.27      0.17      0.37    906.32      1.00
  det_prob_d      0.90      0.03      0.90      0.85      0.95   1018.41      1.00
       gamma      0.50      0.18      0.48      0.19      0.74    849.32      1.00
       sigma      0.20      0.10      0.18      0.05      0.34   1087.43      1.00

Number of divergences: 0
