
                  mean       std    median      5.0%     95.0%     n_eff     r_hat
          D0      0.19      0.19      0.14      0.00      0.44    954.21      1.00
          E0     41.94     45.61     29.14      0.23     88.35    787.23      1.00
          H0      2.36      2.32      1.60      0.01      5.18   1118.06      1.00
          I0      4.19      3.85      3.10      0.03      9.12   1081.54      1.00
     beta[0]      1.25      1.27      0.83      0.02      2.89    575.40      1.00
     beta[1]      1.27      1.36      0.80      0.01      2.94    575.49      1.00
       beta0      1.23      1.22      0.82      0.01      2.86    542.07      1.00
  death_prob      0.10      0.03      0.09      0.05      0.15   1274.91      1.00
  death_rate      0.09      0.03      0.09      0.05      0.13   1264.83      1.00
    det_prob      0.27      0.06      0.27      0.17      0.38    927.11      1.00
  det_prob_d      0.90      0.03      0.90      0.85      0.95   1120.55      1.00
       gamma      0.50      0.18      0.48      0.24      0.79   1009.83      1.00
       sigma      0.20      0.11      0.18      0.05      0.35   1019.10      1.00

Number of divergences: 0
