
                  mean       std    median      5.0%     95.0%     n_eff     r_hat
          D0      0.19      0.18      0.14      0.00      0.44   1114.48      1.00
          E0     16.00     21.01      9.41      0.04     38.12    958.62      1.00
          H0      2.32      2.38      1.60      0.00      5.21   1392.12      1.00
          I0      2.09      2.17      1.41      0.00      4.82   1154.89      1.00
     beta[0]      1.15      1.25      0.77      0.01      2.70    470.27      1.00
     beta[1]      1.16      1.27      0.74      0.01      2.84    449.39      1.00
       beta0      1.15      1.19      0.76      0.01      2.67    442.77      1.00
  death_prob      0.10      0.03      0.10      0.05      0.14   1334.74      1.00
  death_rate      0.09      0.03      0.09      0.05      0.13   1585.70      1.00
    det_prob      0.27      0.06      0.27      0.17      0.37   1140.09      1.00
  det_prob_d      0.90      0.03      0.90      0.85      0.95   1222.20      1.00
       gamma      0.50      0.18      0.48      0.22      0.78   1229.83      1.00
       sigma      0.20      0.11      0.18      0.05      0.35   1006.92      1.00

Number of divergences: 0
