
                  mean       std    median      5.0%     95.0%     n_eff     r_hat
          D0      0.19      0.19      0.13      0.00      0.44   1121.86      1.00
          E0     29.76     35.27     19.23      0.13     69.39    837.43      1.00
          H0      2.32      2.40      1.62      0.00      5.16   1176.49      1.00
          I0      4.16      3.51      3.32      0.05      8.67    937.92      1.00
     beta[0]      1.19      1.25      0.80      0.00      2.73    447.80      1.00
     beta[1]      1.22      1.35      0.79      0.01      2.96    462.37      1.00
       beta0      1.19      1.22      0.82      0.01      2.82    421.92      1.00
  death_prob      0.10      0.03      0.10      0.05      0.15   1114.76      1.00
  death_rate      0.09      0.03      0.09      0.05      0.13   1073.72      1.00
    det_prob      0.27      0.06      0.27      0.16      0.37    995.23      1.00
  det_prob_d      0.90      0.03      0.90      0.85      0.94    921.45      1.00
       gamma      0.50      0.18      0.48      0.19      0.76    905.77      1.00
       sigma      0.20      0.10      0.18      0.04      0.34   1042.91      1.00

Number of divergences: 0
