
                  mean       std    median      5.0%     95.0%     n_eff     r_hat
          D0      0.26      0.28      0.18      0.00      0.61   1639.63      1.00
          E0    322.33    614.28    163.47      0.30    720.61   1045.70      1.00
          H0      7.12      7.98      4.39      0.01     17.43   1038.32      1.00
          I0     79.43     29.19     72.71     37.83    120.29    582.35      1.00
     beta[0]      1.29      1.26      0.90      0.00      2.91    924.15      1.00
       beta0      1.29      1.24      0.89      0.00      2.99    926.22      1.00
  death_prob      0.10      0.03      0.09      0.05      0.14    700.69      1.00
  death_rate      0.09      0.03      0.08      0.04      0.13    750.08      1.00
    det_prob      0.27      0.06      0.27      0.17      0.37    682.10      1.00
  det_prob_d      0.90      0.03      0.90      0.85      0.95   1341.05      1.00
       gamma      0.49      0.17      0.48      0.22      0.74   1291.26      1.00
       sigma      0.19      0.10      0.18      0.05      0.34    877.91      1.00

Number of divergences: 0
