
                  mean       std    median      5.0%     95.0%     n_eff     r_hat
          D0      0.26      0.27      0.19      0.00      0.59   1539.10      1.00
          E0    111.44    203.42     55.58      0.24    254.30    870.91      1.00
          H0      6.71      7.38      4.24      0.01     15.98    933.79      1.00
          I0     11.55      7.84      9.76      0.31     21.28    785.90      1.00
     beta[0]      1.37      1.38      0.93      0.00      3.25   1077.10      1.00
       beta0      1.35      1.33      0.91      0.00      3.21   1045.84      1.00
  death_prob      0.10      0.03      0.10      0.05      0.15   1257.48      1.00
  death_rate      0.09      0.03      0.09      0.04      0.13   1032.81      1.00
    det_prob      0.27      0.06      0.27      0.16      0.36   1163.91      1.00
  det_prob_d      0.90      0.03      0.90      0.85      0.95   1699.18      1.00
       gamma      0.50      0.17      0.48      0.24      0.76   1289.21      1.00
       sigma      0.20      0.11      0.18      0.05      0.36   1359.78      1.00

Number of divergences: 0
