
                  mean       std    median      5.0%     95.0%     n_eff     r_hat
          D0      0.18      0.18      0.13      0.00      0.44   1193.64      1.00
          E0     17.47     24.78     10.30      0.01     42.93    900.21      1.00
          H0      2.40      2.44      1.59      0.00      5.66   1189.12      1.00
          I0      2.13      2.28      1.45      0.00      4.77   1022.91      1.00
     beta[0]      1.26      1.29      0.89      0.00      2.84    575.98      1.00
     beta[1]      1.29      1.38      0.87      0.00      3.03    574.29      1.00
       beta0      1.26      1.28      0.90      0.00      2.90    564.72      1.00
  death_prob      0.10      0.03      0.09      0.05      0.15    931.91      1.00
  death_rate      0.09      0.03      0.09      0.05      0.13   1059.04      1.00
    det_prob      0.27      0.06      0.26      0.15      0.37    867.62      1.00
  det_prob_d      0.90      0.03      0.90      0.85      0.94    802.33      1.00
       gamma      0.49      0.18      0.47      0.20      0.76    872.68      1.00
       sigma      0.20      0.11      0.18      0.04      0.34    937.31      1.00

Number of divergences: 0
